
0.840   184    466.0   502.0   541.0   577.0   642.0  419.0  889.0 0.160    35    482.0   527.0   573.0   633.0   708.0  408.0  853.0 0.000     0   0. 0. 0. 0. 0.      0.0    0.0 
0.536    90    469.0   531.5   571.0   620.0   715.0  421.0  853.0 0.381    64    519.5   563.0   595.0   656.0   748.5  456.0 1083.0 0.083    14    530.0   574.0   604.0   683.0   808.0  527.0  927.0 
0.803   184    486.0   532.0   573.0   612.0   690.5  336.0 1048.0 0.183    42    494.0   559.5   622.5   688.5   856.0  393.0 1138.0 0.013     3    620.0   669.0   718.0   790.5   863.0  620.0  863.0 
0.532   107    512.5   569.0   612.0   666.0   765.0  395.0 1277.0 0.338    68    531.0   581.0   633.5   708.0   773.5  466.0  991.0 0.129    26    517.5   589.5   665.5   762.5   854.0  503.0 1989.0 

0.755   173    502.0   570.0   617.0   696.0   806.0  295.0 1056.0 0.227    52    465.0   554.0   596.0   646.0   789.0  431.0 1044.0 0.017     4    502.0   693.0   707.0   721.0   967.5  311.0 1214.0 
0.527   107    534.0   600.0   657.0   761.0   903.0  407.0 1396.0 0.345    70    546.0   620.5   699.5   777.0   890.0  424.0 1206.0 0.128    26    528.5   625.0   707.5   801.5  1021.5  438.0 1916.0 
0.753   165    548.5   631.0   706.0   807.0   947.5  473.0 1251.0 0.192    42    538.0   618.0   677.5   752.0   881.0  426.0 1120.0 0.055    12    406.0   558.5   613.0   679.0   789.0  311.0  838.0 
0.524    88    584.5   732.0   790.5   946.0  1104.0  500.0 1336.0 0.304    51    591.0   688.0   780.0   853.0  1028.0  421.0 1472.0 0.173    29    532.0   738.5   844.0  1055.0  1382.0  329.0 1680.0 

0.839   187    577.0   641.0   692.0   747.0   840.0  341.0 1063.0 0.157    35    550.0   646.0   707.0   787.0   953.5  516.0 1270.0 0.004     1    308.0   308.0   308.0   308.0   308.0  308.0  308.0 
0.567    93    554.0   680.0   789.0   875.5   965.0  381.0 1290.0 0.280    46    650.5   754.0   811.0   899.5  1035.5  461.0 1325.0 0.152    25    601.5   722.0   821.0   991.0  1061.5  360.0 1398.0 
0.847   194    609.0   699.0   754.0   822.0   961.0  498.0 1493.0 0.140    32    570.0   646.0   732.5   794.0   950.0  460.0 1038.0 0.013     3    368.0   641.0   914.0  1013.5  1113.0  368.0 1113.0 
0.535   108    644.5   774.0   846.0   965.0  1214.5  412.0 1500.0 0.327    66    703.0   818.5   913.5  1032.0  1340.0  343.0 1952.0 0.139    28    632.5   804.0  1028.5  1225.0  1685.0  328.0 2024.0 

0.838   192    464.0   530.0   571.5   611.0   682.0  333.0  958.0 0.153    35    505.0   545.0   577.0   640.0   673.5  366.0  983.0 0.009     2    625.0   636.5   636.5   636.5   648.0  625.0  648.0 
0.601   122    441.0   535.5   576.5   637.0   767.0  326.0  887.0 0.276    56    443.5   524.0   569.0   627.0   684.5  324.0  820.0 0.123    25    480.0   562.0   609.0   654.0   748.0  413.0  893.0 
0.860   190    557.0   611.0   666.0   732.5   848.0  336.0 1084.0 0.140    31    552.0   607.0   685.0   756.0  1033.0  487.0 1145.0 0.000     0   0. 0. 0. 0. 0.      0.0    0.0 
0.594    98    575.5   671.0   730.5   801.0   970.0  470.0 1899.0 0.327    54    585.0   648.0   753.5   837.0  1167.5  466.0 1465.0 0.079    13    560.0   731.5   796.0   880.5  1157.0  304.0 1315.0 

0.853   186    323.0   355.5   389.0   417.0   459.5  296.0  596.0 0.147    32    335.0   372.0   421.0   439.0   499.0  298.0  511.0 0.000     0   0. 0. 0. 0. 0.      0.0    0.0 
0.589    99    325.0   370.0   412.0   444.5   487.0  295.0  592.0 0.286    48    331.0   375.0   401.5   444.0   534.5  305.0 1431.0 0.125    21    335.0   376.0   408.0   432.0   515.0  270.0 1002.0 
0.808   185    334.5   383.0   413.0   459.0   504.0  293.0  775.0 0.179    41    329.0   381.0   409.0   432.0   481.0  294.0  537.0 0.013     3    495.0   556.0   617.0  1299.0  1981.0  495.0 1981.0 
0.525   106    349.5   396.0   423.5   468.5   530.0  293.0  653.0 0.361    73    354.0   403.0   436.0   501.0   608.0  304.0 1040.0 0.114    23    323.0   359.5   406.0   456.0   609.0  292.0  686.0 

0.725   166    370.0   445.0   517.5   564.5   670.0  317.0 1109.0 0.214    49    370.0   460.5   519.0   556.5   640.0  323.0 1230.0 0.061    14    319.0   342.0   382.5   466.0   562.0  298.0  596.0 
0.384    78    404.5   484.0   539.5   594.0   665.0  316.0  806.0 0.340    69    394.0   465.0   539.0   607.5   663.0  327.0  901.0 0.276    56    396.5   470.5   510.0   574.0   714.0  309.0 1021.0 
0.645   142    462.0   550.5   590.5   637.5   719.0  347.0  889.0 0.295    65    448.5   517.0   562.0   621.0   700.5  365.0 1115.0 0.059    13    316.0   442.5   530.0   593.5   666.0  306.0  912.0 
0.419    70    455.0   535.0   591.5   672.0   743.0  333.0  906.0 0.365    61    466.0   526.0   564.0   640.0   734.0  357.0 1014.0 0.216    36    429.0   514.5   585.0   671.5   976.5  340.0 1303.0 

0.803   184    467.5   517.0   568.0   629.0   746.0  392.0 1030.0 0.192    44    459.5   524.0   540.0   629.0   715.0  398.0  851.0 0.004     1    857.0   857.0   857.0   857.0   857.0  857.0  857.0 
0.488    99    486.0   577.5   636.0   692.0   786.0  384.0 1169.0 0.399    81    517.0   567.0   616.0   694.0   861.0  434.0 1250.0 0.113    23    595.0   638.0   671.0   816.0  1006.0  572.0 1169.0 
0.812   177    502.0   561.0   622.0   720.0   863.0  447.0 1259.0 0.188    41    544.0   603.0   679.0   761.0   874.0  477.0 1313.0 0.000     0   0. 0. 0. 0. 0.      0.0    0.0 
0.509    85    533.0   611.0   721.0   849.0   977.5  488.0 1436.0 0.365    61    553.0   613.0   711.0   825.0  1038.0  509.0 1587.0 0.126    21    697.0   799.0   897.0  1041.0  1108.0  573.0 1668.0 

0.882   194    416.5   465.0   516.5   554.0   624.0  351.0  816.0 0.118    26    430.5   475.5   519.5   539.0   604.0  407.0  664.0 0.000     0   0. 0. 0. 0. 0.      0.0    0.0 
0.581    97    439.5   494.0   545.0   635.0   688.0  403.0  974.0 0.287    48    422.5   459.0   548.5   642.0   721.5  373.0 1084.0 0.132    22    444.0   492.0   542.5   672.0   819.0  409.0 1119.0 
0.878   201    501.0   580.0   629.0   694.0   844.0  421.0 1249.0 0.122    28    539.5   592.0   639.5   735.0   840.5  482.0 1070.0 0.000     0   0. 0. 0. 0. 0.      0.0    0.0 
0.596   121    562.0   654.0   716.0   779.0   895.0  421.0 1322.0 0.300    61    587.0   695.0   766.0   870.0  1125.0  437.0 2227.0 0.103    21    602.0   761.0   853.0  1002.0  1410.0  587.0 2021.0 

0.771   175    406.5   497.0   562.0   609.0   691.0  307.0 1030.0 0.194    44    364.0   458.0   507.0   579.0   648.0  308.0  782.0 0.035     8    337.5   388.0   629.5   873.0  1162.0  308.0 1348.0 
0.515   103    429.0   538.5   580.0   638.5   759.0  301.0 1163.0 0.315    63    413.0   512.5   586.0   675.5   747.0  323.0 1309.0 0.170    34    340.5   396.0   489.5   560.0   715.0  291.0 1894.0 
0.862   187    469.5   533.0   590.0   662.0   772.5  345.0 1247.0 0.120    26    493.5   552.5   581.0   624.0   740.5  385.0  922.0 0.018     4    320.5   335.0   390.0   445.0   545.5  306.0  646.0 
0.580    98    495.0   575.0   640.0   730.0   986.5  433.0 1565.0 0.290    49    527.0   597.5   696.0   765.0  1131.0  427.0 1796.0 0.130    22    497.0   689.0   736.5   860.5  1305.0  323.0 1818.0 

0.804   176    365.0   422.5   467.0   499.5   554.0  301.0  809.0 0.169    37    337.0   410.0   436.0   472.0   543.0  297.0  598.0 0.027     6    319.0   339.5   393.0   440.0   515.5  310.0  586.0 
0.488    82    350.0   409.5   463.5   497.5   552.0  297.0  770.0 0.333    56    332.0   426.0   464.0   546.0   612.0  301.0  639.0 0.179    30    334.0   392.0   454.0   498.5   611.0  292.0  832.0 
0.808   185    342.0   439.0   484.0   513.0   573.0  295.0  769.0 0.170    39    336.0   444.5   469.0   498.0   573.0  302.0  761.0 0.022     5    352.5   377.0   469.0   522.0   540.5  328.0  559.0 
0.510   103    347.0   432.0   480.0   530.5   582.0  307.0  723.0 0.297    60    384.0   461.5   487.0   544.5   610.0  306.0  771.0 0.193    39    340.0   429.5   463.0   509.0   595.0  312.0  683.0 

0.865   198    349.5   386.0   408.0   435.0   482.0  301.0  583.0 0.135    31    375.0   393.0   432.0   452.0   482.0  290.0  554.0 0.000     0   0. 0. 0. 0. 0.      0.0    0.0 
0.650   132    376.0   412.0   437.5   460.0   512.0  331.0  640.0 0.246    50    373.0   410.5   436.0   460.5   524.0  342.0  609.0 0.103    21    387.0   421.0   459.0   509.0   538.0  334.0  812.0 
0.872   191    350.0   386.0   406.0   429.0   463.0  308.0  561.0 0.128    28    354.5   381.0   393.0   419.0   451.5  342.0  477.0 0.000     0   0. 0. 0. 0. 0.      0.0    0.0 
0.713   119    361.0   398.5   425.0   453.5   526.0  302.0  659.0 0.240    40    386.0   403.5   424.5   460.0   507.0  358.0  648.0 0.048     8    363.5   387.0   504.0   560.0   720.5  345.0  767.0 

0.874   195    424.0   470.0   502.0   530.0   586.5  347.0  810.0 0.121    27    424.5   454.0   472.0   499.0   536.0  396.0  608.0 0.004     1    603.0   603.0   603.0   603.0   603.0  603.0  603.0 
0.604    99    428.0   479.0   513.0   563.5   622.0  304.0  960.0 0.256    42    459.0   483.5   510.5   538.0   673.0  352.0  787.0 0.140    23    430.0   527.0   563.0   651.0   752.0  408.0  968.0 
0.852   195    452.5   488.0   510.0   541.0   594.0  351.0  881.0 0.135    31    455.0   497.0   530.0   566.0   600.0  429.0  857.0 0.013     3    471.0   645.5   820.0   929.5  1039.0  471.0 1039.0 
0.552   112    465.0   512.0   540.5   581.0   646.0  397.0  813.0 0.340    69    485.0   516.0   546.0   572.0   622.0  391.0 1217.0 0.108    22    489.0   562.0   619.5   671.5   700.0  433.0  847.0 

0.838   192    352.0   393.0   425.5   469.0   540.0  301.0  666.0 0.157    36    354.5   399.0   444.5   465.0   501.0  322.0  576.0 0.004     1    479.0   479.0   479.0   479.0   479.0  479.0  479.0 
0.604   122    351.0   402.0   442.0   476.5   546.0  301.0  660.0 0.332    67    347.5   384.0   420.0   463.0   536.0  317.0  802.0 0.064    13    347.0   403.5   426.0   487.0   544.0  335.0  565.0 
0.833   184    403.0   439.0   490.5   537.0   613.0  337.0  892.0 0.167    37    405.5   454.0   524.0   588.0   668.0  354.0 2094.0 0.000     0   0. 0. 0. 0. 0.      0.0    0.0 
0.675   112    415.0   459.0   514.0   569.0   686.0  330.0 1325.0 0.271    45    398.0   462.0   500.0   598.0   781.0  344.0 2250.0 0.054     9    414.0   455.5   587.0   681.5   967.0  401.0 1842.0 

0.876   191    379.0   412.0   436.0   461.0   491.0  330.0  596.0 0.124    27    381.0   407.0   435.0   444.0   475.5  370.0  492.0 0.000     0   0. 0. 0. 0. 0.      0.0    0.0 
0.615   104    393.5   436.0   465.5   492.0   561.0  321.0  750.0 0.296    50    401.0   432.0   450.0   484.0   528.0  372.0  904.0 0.089    15    417.0   484.0   524.0   537.0   602.0  375.0  848.0 
0.865   198    390.0   429.0   449.0   475.0   525.5  328.0  690.0 0.135    31    386.0   429.0   450.0   468.0   533.0  359.0  572.0 0.000     0   0. 0. 0. 0. 0.      0.0    0.0 
0.527   107    395.0   445.0   484.0   509.0   585.0  328.0  640.0 0.335    68    413.0   451.0   495.5   534.0   570.0  373.0  668.0 0.138    28    416.0   443.0   502.0   555.0   618.5  408.0  839.0 

0.640   144    308.0   333.0   360.0   413.0   541.0  291.0  691.0 0.320    72    311.0   338.5   375.0   429.5   645.0  290.0 1359.0 0.040     9    326.0   347.0   356.0   359.5   368.0  307.0  384.0 
0.495    98    311.0   328.0   349.0   385.0   493.0  298.0  577.0 0.293    58    314.5   345.0   388.5   441.0   548.0  304.0  733.0 0.212    42    314.0   333.5   362.0   419.5   488.0  299.0  712.0 
0.601   128    326.0   366.0   406.0   461.0   609.5  292.0  906.0 0.338    72    307.0   344.0   414.5   493.5   592.0  298.0 1026.0 0.061    13    299.0   356.5   389.0   475.5   686.0  297.0 1380.0 
0.379    61    311.0   344.0   394.0   483.0   605.0  292.0 1178.0 0.391    63    320.0   347.0   390.0   456.5   579.0  290.0  915.0 0.230    37    325.0   366.0   400.0   437.0   511.5  305.0  733.0 

0.493   108    313.0   333.0   352.0   388.0   458.5  303.0  670.0 0.292    64    310.0   323.0   349.0   369.0   424.5  292.0  685.0 0.215    47    303.5   312.0   323.0   339.0   394.0  296.0  434.0 
0.381    64    317.0   336.0   352.0   411.0   491.5  292.0  562.0 0.250    42    321.0   341.0   355.0   383.0   468.0  301.0  559.0 0.369    62    302.0   323.0   344.5   363.0   422.0  292.0  495.0 
0.585   134    320.5   358.0   420.0   469.0   533.5  301.0 1774.0 0.231    53    315.0   329.5   355.0   409.0   509.0  291.0 1904.0 0.183    42    305.0   317.0   328.0   341.5   369.0  299.0  426.0 
0.360    73    311.0   338.5   396.0   458.5   604.0  293.0  719.0 0.261    53    312.0   322.0   348.0   419.5   550.0  305.0  771.0 0.379    77    310.5   324.0   335.0   359.0   463.5  302.0  790.0 
