
0.289   118    311.5   344.0   376.0   395.0   432.0  256.0  771.0 0.418   171    307.0   342.0   370.0   395.0   432.0  278.0  738.0 0.200    82    312.0   348.5   365.5   389.0   464.0  278.0  947.0 0.068    28    340.0   355.0   366.5   391.0   448.5  307.0  617.0 0.024    10    351.0   378.5   437.0   494.0   535.0  289.0  633.0 
0.244   107    316.0   350.0   372.0   394.0   452.5  258.0  971.0 0.282   124    314.0   354.0   377.0   407.0   481.0  267.0 1111.0 0.292   128    309.0   345.0   375.5   406.0   506.0  268.0 1162.0 0.130    57    315.0   358.0   377.0   401.0   436.5  256.0  784.0 0.052    23    333.0   388.5   508.0   552.5   689.0  312.0  992.0 

0.626   253    361.0   409.0   437.0   472.5   522.0  262.0  709.0 0.196    79    368.0   412.5   431.0   468.5   513.0  315.0  635.0 0.129    52    332.0   392.5   435.5   465.5   533.0  283.0  787.0 0.040    16    382.0   413.5   469.5   522.0   603.5  371.0  650.0 0.010     4    387.5   414.0   473.5   533.0   605.0  361.0  677.0 
0.451   200    374.0   418.0   442.0   473.0   533.0  260.0  722.0 0.185    82    365.0   405.5   445.5   482.0   530.0  320.0  813.0 0.284   126    377.0   411.0   435.5   477.0   504.0  291.0  677.0 0.072    32    332.0   383.5   440.5   469.0   519.0  277.0  793.0 0.007     3    458.0   471.5   485.0   599.5   714.0  458.0  714.0 

0.303   101    275.0   304.0   329.0   358.0   391.0  256.0  494.0 0.285    95    275.5   314.0   340.0   367.0   420.5  255.0 1515.0 0.132    44    268.0   295.0   314.0   353.0   410.0  255.0  449.0 0.078    26    274.5   295.0   313.0   327.5   358.5  261.0  394.0 0.201    67    275.5   309.0   347.0   414.0   753.5  256.0 2897.0 
0.185    64    284.0   324.0   337.0   352.0   387.0  257.0  607.0 0.211    73    283.0   304.5   329.0   361.0   440.0  258.0 1012.0 0.220    76    274.5   307.5   327.0   351.5   434.0  259.0  778.0 0.165    57    282.0   305.0   321.0   346.0   374.5  255.0  454.0 0.220    76    283.5   324.0   372.5   505.0  1138.5  256.0 2987.0 

0.349   142    379.0   413.5   434.0   448.5   492.0  295.0  661.0 0.334   136    351.0   405.0   427.0   457.5   493.0  273.0  558.0 0.199    81    362.0   400.0   421.0   456.0   505.0  315.0  601.0 0.079    32    352.0   391.5   423.0   445.0   478.0  268.0  540.0 0.039    16    374.5   411.5   450.0   475.0   514.5  310.0  531.0 
0.301   129    365.0   402.5   437.0   458.5   509.0  283.0  621.0 0.268   115    378.0   406.0   434.0   454.0   506.0  276.0  755.0 0.268   115    366.0   403.0   441.0   470.0   512.0  275.0  693.0 0.089    38    383.5   411.0   438.0   452.0   516.0  295.0  618.0 0.075    32    364.0   400.0   423.0   467.0   483.0  297.0  539.0 

0.236    74    277.0   290.0   320.0   339.0   368.5  259.0  719.0 0.304    95    277.5   295.0   321.0   341.0   374.0  257.0  882.0 0.227    71    280.0   306.0   315.0   339.0   373.0  255.0  854.0 0.118    37    267.0   290.0   317.0   342.0   397.0  257.0  700.0 0.115    36    283.0   321.0   332.0   352.5   412.5  255.0  512.0 
0.186    61    284.0   298.0   312.0   352.0   395.0  256.0  569.0 0.235    77    276.0   309.0   320.0   338.0   369.0  264.0  636.0 0.265    87    274.0   304.0   327.0   345.0   386.5  257.0  480.0 0.155    51    275.0   302.0   322.0   347.0   386.0  260.0  575.0 0.159    52    269.0   287.5   308.5   332.5   385.0  256.0  691.0 

0.348   143    391.0   442.5   479.0   531.5   630.0  303.0  812.0 0.423   174    393.0   440.0   478.5   540.0   621.5  299.0  901.0 0.161    66    412.0   476.5   546.0   602.5   763.0  314.0 1196.0 0.049    20    430.0   483.5   505.5   578.5   689.0  379.0  957.0 0.019     8    270.5   386.0   543.5   713.0   860.5  260.0  874.0 
0.275   121    378.0   444.0   489.0   562.0   643.0  270.0 1030.0 0.323   142    410.0   452.5   496.5   571.5   659.0  355.0 1016.0 0.268   118    383.0   434.0   486.0   547.0   650.0  299.0  801.0 0.105    46    400.5   445.0   506.5   584.0   655.5  289.0  742.0 0.030    13    381.0   508.5   606.0   748.0   845.0  343.0  866.0 

0.516   189    302.0   340.5   387.0   439.5   558.0  257.0  737.0 0.249    91    284.0   351.0   398.0   455.0   539.0  260.0  790.0 0.153    56    277.0   336.5   384.5   422.5   530.5  256.0  767.0 0.055    20    300.0   341.0   419.5   516.0   674.0  271.0  771.0 0.027    10    345.0   393.0   465.5   552.0   840.0  260.0 1154.0 
0.323   130    314.0   351.0   387.0   431.5   527.0  255.0  818.0 0.224    90    320.0   360.0   406.0   466.0   590.0  268.0  832.0 0.276   111    292.0   349.0   388.0   449.0   607.0  255.0 1080.0 0.164    66    294.5   348.0   404.5   433.5   579.5  259.0  726.0 0.012     5    288.5   305.0   448.0   455.0   739.5  272.0 1024.0 

0.196    46    300.0   333.0   385.0   425.0   516.5  272.0  582.0 0.494   116    296.5   371.0   428.5   492.5   607.0  257.0  929.0 0.145    34    319.0   344.0   396.0   427.0   580.5  287.0  692.0 0.077    18    337.5   404.0   449.5   612.0   693.5  328.0  752.0 0.089    21    294.0   345.0   407.0   528.0   748.0  262.0 2864.0 
0.150    38    281.5   334.0   421.0   477.0   606.5  274.0  721.0 0.350    89    296.0   359.5   428.0   541.0   668.0  267.0  894.0 0.244    62    308.0   352.5   384.5   446.5   596.0  269.0  780.0 0.102    26    317.0   343.5   410.0   509.5   593.0  285.0  965.0 0.154    39    292.0   385.5   497.0   628.0   726.0  256.0  949.0 

0.459   187    317.0   362.0   386.0   414.0   479.5  270.0  661.0 0.305   124    309.0   351.0   384.5   417.0   495.0  275.0 1133.0 0.143    58    314.5   352.0   389.5   414.0   471.0  271.0  554.0 0.081    33    329.0   371.0   403.0   449.0   478.0  262.0  635.0 0.012     5    310.5   315.0   401.0   442.0   530.5  306.0  619.0 
0.339   147    316.5   365.0   397.0   423.0   459.5  269.0  626.0 0.242   105    298.5   350.0   392.0   424.0   481.0  256.0  654.0 0.275   119    311.0   343.5   369.0   401.5   457.0  258.0  572.0 0.118    51    317.0   373.0   393.0   419.0   438.0  256.0  556.0 0.025    11    275.0   342.0   372.0   401.0   448.0  255.0  570.0 

0.256   102    321.0   346.5   375.0   396.0   478.0  262.0  857.0 0.487   194    318.5   347.0   372.5   406.0   472.0  263.0  989.0 0.113    45    315.5   339.0   373.0   425.0   558.5  280.0  642.0 0.053    21    320.0   339.0   350.0   384.0   439.0  280.0  704.0 0.090    36    321.0   346.5   396.5   511.5   630.0  260.0  692.0 
0.181    78    324.5   353.0   371.0   418.0   510.0  263.0  642.0 0.382   165    316.5   344.0   367.0   411.0   522.5  256.0  766.0 0.227    98    327.0   359.0   385.0   417.0   496.0  277.0  662.0 0.106    46    321.0   349.0   367.0   431.5   520.5  306.0  802.0 0.104    45    315.0   362.0   395.0   482.0   649.5  266.0 2126.0 

0.262   107    316.0   356.0   378.0   430.0   573.0  261.0  726.0 0.328   134    307.5   345.0   386.5   438.0   578.5  262.0  739.0 0.243    99    308.0   341.5   369.0   413.5   511.0  266.0  670.0 0.098    40    313.0   340.5   358.5   405.0   448.0  265.0  654.0 0.069    28    325.0   348.0   404.5   567.0   693.0  265.0  860.0 
0.211    89    302.0   342.0   369.0   412.5   564.0  282.0 1019.0 0.278   117    313.5   360.0   386.0   485.0   621.0  281.0  772.0 0.299   126    320.5   355.5   400.0   464.5   606.0  255.0  717.0 0.131    55    325.5   355.0   375.0   414.0   528.5  271.0  744.0 0.081    34    320.0   340.0   381.5   579.0   696.5  277.0  853.0 

0.402   156    302.0   345.5   375.5   406.0   450.5  262.0  601.0 0.281   109    287.0   335.0   369.0   399.5   440.0  255.0  521.0 0.180    70    308.0   355.0   382.5   405.5   451.0  259.0  534.0 0.077    30    280.0   326.0   362.5   398.5   451.0  260.0  510.0 0.059    23    272.0   309.0   354.0   434.5   541.0  256.0  610.0 
0.320   135    294.0   333.0   376.0   408.0   450.5  261.0  611.0 0.209    88    317.0   342.0   367.5   400.0   447.5  259.0  498.0 0.244   103    293.0   332.5   358.0   402.0   435.0  265.0  575.0 0.159    67    297.0   345.0   370.0   400.0   444.0  265.0  556.0 0.069    29    276.0   315.0   378.0   409.0   483.0  257.0  529.0 

0.294   120    340.0   374.0   415.5   470.5   532.0  301.0  664.0 0.348   142    345.0   382.5   407.0   453.0   525.0  257.0  684.0 0.211    86    331.0   379.0   408.0   438.5   523.0  277.0  627.0 0.096    39    317.0   362.5   399.0   470.5   559.0  281.0  640.0 0.051    21    300.0   361.0   411.0   531.0   641.0  256.0  736.0 
0.201    88    336.0   376.0   412.0   465.0   566.0  255.0  660.0 0.286   125    331.5   373.0   401.0   443.0   525.5  256.0  973.0 0.304   133    318.0   376.5   408.0   446.0   555.0  286.0  639.0 0.165    72    324.0   364.5   395.0   447.5   565.0  272.0  629.0 0.043    19    358.0   377.5   437.0   458.5   529.0  346.0  609.0 

0.283   113    334.0   387.0   416.0   448.5   490.0  264.0  614.0 0.421   168    317.5   377.0   400.5   442.0   483.5  263.0  755.0 0.198    79    329.0   368.0   396.0   438.0   498.0  279.0  666.0 0.065    26    324.5   362.0   389.5   427.0   515.5  306.0 1516.0 0.033    13    284.0   336.5   350.0   439.0   505.0  280.0  589.0 
0.236   100    331.0   367.5   409.0   440.5   487.0  282.0  552.0 0.345   146    305.0   368.5   399.5   438.5   497.0  258.0  699.0 0.284   120    331.0   370.5   407.0   442.0   492.0  259.0  740.0 0.116    49    333.0   356.0   394.0   421.0   468.0  305.0  541.0 0.019     8    303.5   326.0   344.5   385.0   434.0  303.0  460.0 

0.598   244    327.5   369.0   399.0   426.0   484.0  256.0  655.0 0.154    63    341.0   368.0   402.0   430.5   507.0  299.0  833.0 0.167    68    341.5   369.0   394.0   419.0   468.0  299.0  620.0 0.069    28    349.0   372.0   382.5   393.0   472.5  323.0  582.0 0.012     5    399.5   428.0   434.0   595.0   617.0  371.0  639.0 
0.406   179    333.0   365.0   391.0   427.0   469.0  280.0  770.0 0.147    65    331.0   366.0   401.0   420.0   482.0  291.0  670.0 0.297   131    331.0   371.0   406.0   441.0   472.0  278.0  615.0 0.127    56    333.5   373.5   405.5   448.5   511.0  276.0  623.0 0.023    10    326.0   360.5   418.5   480.0   585.0  323.0 1331.0 

0.340   140    422.0   455.0   488.0   510.5   576.0  319.0  692.0 0.316   130    428.0   476.5   513.5   558.5   663.0  382.0  992.0 0.221    91    415.0   447.0   487.0   548.0   593.0  374.0  943.0 0.087    36    413.5   467.5   517.0   553.0   592.5  332.0  750.0 0.036    15    467.5   561.0   622.0   800.0  1030.5  433.0 1255.0 
0.297   131    436.0   463.0   487.0   517.0   588.0  331.0  762.0 0.256   113    409.0   477.0   515.0   545.0   626.0  325.0  807.0 0.263   116    423.5   477.0   505.5   551.5   625.0  280.0  777.0 0.122    54    432.5   471.0   489.0   561.0   632.5  359.0  992.0 0.061    27    400.0   497.0   571.0   627.0   798.5  361.0 1274.0 
